t KE PE KE+PE T
0.000000 8.421801 -15.598387 -7.176586 268.714643
0.100000 4.995776 -12.115464 -7.119688 159.400351
0.200000 4.570656 -11.688814 -7.118158 145.836058
0.300000 4.989409 -12.098809 -7.109400 159.197215
0.400000 4.824411 -11.924861 -7.100450 153.932605
0.500000 4.821767 -11.909649 -7.087883 153.848234
0.600000 4.495637 -11.570123 -7.074486 143.442411
0.700000 4.188115 -11.249209 -7.061093 133.630303
0.800000 3.979048 -11.026374 -7.047327 126.959577
0.900000 3.751396 -10.783625 -7.032229 119.695895
1.000000 3.343133 -10.366225 -7.023092 106.669427
1.100000 3.177357 -10.191863 -7.014505 101.380025
1.200000 2.953461 -9.959716 -7.006255 94.236150
1.300000 2.744183 -9.742628 -6.998445 87.558716
1.400000 2.569868 -9.562260 -6.992392 81.996840
1.500000 2.345945 -9.333047 -6.987102 74.852132
1.600000 2.250469 -9.234425 -6.983955 71.805790
1.700000 2.129548 -9.110789 -6.981241 67.947545
1.800000 1.979410 -8.957630 -6.978221 63.157083
1.900000 1.933999 -8.910935 -6.976935 61.708159
2.000000 1.941282 -8.917383 -6.976101 61.940530
2.100000 1.937658 -8.912913 -6.975255 61.824902
2.200000 2.004203 -8.979800 -6.975598 63.948146
2.300000 2.032168 -9.009861 -6.977693 64.840440
2.400000 2.123576 -9.103268 -6.979692 67.756994
2.500000 2.163045 -9.144843 -6.981798 69.016335
2.600000 2.236155 -9.221284 -6.985129 71.349056
2.700000 2.373576 -9.362909 -6.989333 75.733739
2.800000 2.498961 -9.492938 -6.993977 79.734405
2.900000 2.438585 -9.437780 -6.999196 77.807982
3.000000 2.692505 -9.697280 -7.004775 85.909822
3.100000 2.745939 -9.754792 -7.008853 87.614749
3.200000 2.867451 -9.882757 -7.015306 91.491842
3.300000 2.811431 -9.830624 -7.019193 89.704405
3.400000 2.881534 -9.905215 -7.023682 91.941170
3.500000 3.078555 -10.105361 -7.026806 98.227532
3.600000 3.133393 -10.162190 -7.028797 99.977254
3.700000 3.263083 -10.293954 -7.030870 104.115292
3.800000 3.465431 -10.498682 -7.033251 110.571599
3.900000 3.270613 -10.303669 -7.033056 104.355529
4.000000 3.117102 -10.150357 -7.033255 99.457473
4.100000 3.194320 -10.228220 -7.033899 101.921263
4.200000 3.107128 -10.138372 -7.031245 99.139202
4.300000 3.157382 -10.185168 -7.027785 100.742685
4.400000 3.150230 -10.176178 -7.025948 100.514478
4.500000 3.132418 -10.155582 -7.023163 99.946160
4.600000 3.086436 -10.107059 -7.020623 98.478985
4.700000 3.000363 -10.017424 -7.017061 95.732652
4.800000 3.060901 -10.075825 -7.014924 97.664256
4.900000 2.893521 -9.906260 -7.012740 92.323639
5.000000 2.824359 -9.836133 -7.011774 90.116905
5.100000 2.737533 -9.746382 -7.008850 87.346529
5.200000 2.604875 -9.610684 -7.005809 83.113816
5.300000 2.648649 -9.651309 -7.002661 84.510508
5.400000 2.711022 -9.712870 -7.001847 86.500667
5.500000 2.673689 -9.674309 -7.000619 85.309475
5.600000 2.559523 -9.559566 -7.000043 81.666784
5.700000 2.677933 -9.677857 -6.999923 85.444892
5.800000 2.634741 -9.635587 -7.000847 84.066739
5.900000 2.432019 -9.433441 -7.001422 77.598494
6.000000 2.547213 -9.549318 -7.002105 81.273981
6.100000 2.535478 -9.538686 -7.003208 80.899567
6.200000 2.593423 -9.597691 -7.004268 82.748406
6.300000 2.642985 -9.647327 -7.004343 84.329779
6.400000 2.721382 -9.728617 -7.007236 86.831194
6.500000 2.630164 -9.639733 -7.009569 83.920708
6.600000 2.753108 -9.765233 -7.012125 87.843492
6.700000 2.700976 -9.712433 -7.011457 86.180109
6.800000 2.745187 -9.759174 -7.013987 87.590753
6.900000 2.842659 -9.860400 -7.017741 90.700806
7.000000 2.733974 -9.751095 -7.017120 87.232994
7.100000 2.713927 -9.732421 -7.018494 86.593337
7.200000 2.791881 -9.811760 -7.019879 89.080626
7.300000 2.854355 -9.872580 -7.018225 91.073993
7.400000 2.858888 -9.876535 -7.017646 91.218632
7.500000 2.871934 -9.888413 -7.016479 91.634866
7.600000 2.855606 -9.872069 -7.016463 91.113907
7.700000 2.831921 -9.845244 -7.013323 90.358195
7.800000 2.924652 -9.936614 -7.011962 93.316960
7.900000 2.977230 -9.988707 -7.011477 94.994546
8.000000 2.840974 -9.851009 -7.010035 90.647029
8.100000 2.810005 -9.818591 -7.008586 89.658894
8.200000 2.750152 -9.757136 -7.006983 87.749179
8.300000 2.689132 -9.694775 -7.005643 85.802209
8.400000 2.671572 -9.676156 -7.004585 85.241910
8.500000 2.622086 -9.625476 -7.003391 83.662958
8.600000 2.711824 -9.715487 -7.003663 86.526244
8.700000 2.710795 -9.714831 -7.004036 86.493406
8.800000 2.629661 -9.634754 -7.005093 83.904679
8.900000 2.719720 -9.723277 -7.003557 86.778171
9.000000 2.759521 -9.763246 -7.003725 88.048117
9.100000 2.597315 -9.599882 -7.002567 82.872589
9.200000 2.628390 -9.631606 -7.003216 83.864107
9.300000 2.652746 -9.656434 -7.003688 84.641245
9.400000 2.619481 -9.622953 -7.003472 83.579849
9.500000 2.619522 -9.621356 -7.001834 83.581162
9.600000 2.676412 -9.677761 -7.001349 85.396362
9.700000 2.705717 -9.708432 -7.002714 86.331390
9.800000 2.655460 -9.660433 -7.004973 84.727827
9.900000 2.581866 -9.588034 -7.006168 82.379673
10.000000 2.603841 -9.609536 -7.005695 83.080824
10.100000 2.691546 -9.698764 -7.007218 85.879246
10.200000 2.725874 -9.733764 -7.007890 86.974527
10.300000 2.756216 -9.763580 -7.007364 87.942643
10.400000 2.770413 -9.779668 -7.009255 88.395634
10.500000 2.639365 -9.647671 -7.008306 84.214300
10.600000 2.637761 -9.647622 -7.009861 84.163096
10.700000 2.653588 -9.663002 -7.009415 84.668088
10.800000 2.815616 -9.825720 -7.010105 89.837934
10.900000 2.768305 -9.777428 -7.009122 88.328396
11.000000 2.763977 -9.772500 -7.008523 88.190276
11.100000 2.758094 -9.767043 -7.008948 88.002589
11.200000 2.911651 -9.921122 -7.009470 92.902137
11.300000 2.765340 -9.775112 -7.009772 88.233787
11.400000 2.731795 -9.741810 -7.010015 87.163467
11.500000 2.680056 -9.689619 -7.009562 85.512631
11.600000 2.611605 -9.621700 -7.010095 83.328542
11.700000 2.608500 -9.617852 -7.009352 83.229481
11.800000 2.791519 -9.798775 -7.007256 89.069081
11.900000 2.712658 -9.720222 -7.007564 86.552862
12.000000 2.683383 -9.690225 -7.006841 85.618785
12.100000 2.677582 -9.682219 -7.004637 85.433688
12.200000 2.737746 -9.742235 -7.004489 87.353342
12.300000 2.747161 -9.750851 -7.003690 87.653737
12.400000 2.650821 -9.655407 -7.004586 84.579818
12.500000 2.658971 -9.663924 -7.004953 84.839847
12.600000 2.732407 -9.735913 -7.003506 87.182976
12.700000 2.628689 -9.632734 -7.004045 83.873664
12.800000 2.632010 -9.637088 -7.005078 83.979615
12.900000 2.719516 -9.724573 -7.005056 86.771680
13.000000 2.567510 -9.572876 -7.005366 81.921608
13.100000 2.546069 -9.551714 -7.005645 81.237498
13.200000 2.711499 -9.717369 -7.005870 86.515874
13.300000 2.720565 -9.725605 -7.005040 86.805149
13.400000 2.866975 -9.874743 -7.007768 91.476639
13.500000 2.723256 -9.733647 -7.010391 86.891000
13.600000 2.640010 -9.650987 -7.010977 84.234869
13.700000 2.694080 -9.706191 -7.012111 85.960085
13.800000 2.667025 -9.679761 -7.012736 85.096828
13.900000 2.827925 -9.840328 -7.012403 90.230665
14.000000 2.806020 -9.817517 -7.011497 89.531754
14.100000 2.874429 -9.885332 -7.010903 91.714484
14.200000 2.831830 -9.841424 -7.009594 90.355273
14.300000 2.720940 -9.729607 -7.008667 86.817102
14.400000 2.733706 -9.741527 -7.007821 87.224423
14.500000 2.765495 -9.773179 -7.007684 88.238708
14.600000 2.818580 -9.826095 -7.007514 89.932517
14.700000 2.810589 -9.817154 -7.006565 89.677553
14.800000 2.756147 -9.763270 -7.007123 87.940443
14.900000 2.647270 -9.653821 -7.006551 84.466504
15.000000 2.714006 -9.719007 -7.005001 86.595855
15.100000 2.720337 -9.723400 -7.003063 86.797871
15.200000 2.788502 -9.790610 -7.002107 88.972822
15.300000 2.680044 -9.681509 -7.001465 85.512244
15.400000 2.592457 -9.594497 -7.002040 82.717609
15.500000 2.681249 -9.682371 -7.001122 85.550689
15.600000 2.680859 -9.681946 -7.001087 85.538225
15.700000 2.606956 -9.607897 -7.000941 83.180201
15.800000 2.592935 -9.594518 -7.001584 82.732839
15.900000 2.677292 -9.679418 -7.002125 85.424439
16.000000 2.709690 -9.711209 -7.001520 86.458140
16.100000 2.586665 -9.588894 -7.002229 82.532792
16.200000 2.586107 -9.588329 -7.002222 82.514991
16.300000 2.636034 -9.638873 -7.002839 84.108005
16.400000 2.599397 -9.603206 -7.003809 82.939029
16.500000 2.591952 -9.595739 -7.003787 82.701485
16.600000 2.572819 -9.577220 -7.004401 82.091018
16.700000 2.664086 -9.668947 -7.004861 85.003068
16.800000 2.602884 -9.606888 -7.004004 83.050298
16.900000 2.705112 -9.709269 -7.004157 86.312071
17.000000 2.626667 -9.632021 -7.005354 83.809134
17.100000 2.631134 -9.636236 -7.005102 83.951661
17.200000 2.782624 -9.789471 -7.006848 88.785251
17.300000 2.771624 -9.779027 -7.007403 88.434281
17.400000 2.767802 -9.774711 -7.006910 88.312323
17.500000 2.769426 -9.777526 -7.008100 88.364148
17.600000 2.886637 -9.895481 -7.008843 92.104017
17.700000 2.986855 -9.996390 -7.009535 95.301667
17.800000 2.783577 -9.792083 -7.008505 88.815675
17.900000 2.760239 -9.770467 -7.010227 88.071027
18.000000 2.773915 -9.785327 -7.011412 88.507377
18.100000 2.816075 -9.827977 -7.011902 89.852583
18.200000 2.835451 -9.846515 -7.011064 90.470808
18.300000 2.799926 -9.810279 -7.010353 89.337311
18.400000 2.787011 -9.795729 -7.008718 88.925222
18.500000 2.918289 -9.927263 -7.008975 93.113920
18.600000 2.963996 -9.970623 -7.006626 94.572307
18.700000 2.934468 -9.940556 -7.006088 93.630147
18.800000 2.990390 -9.996695 -7.006305 95.414451
18.900000 2.858715 -9.864667 -7.005952 91.213082
19.000000 2.743564 -9.748844 -7.005280 87.538966
19.100000 2.717634 -9.722505 -7.004871 86.711616
19.200000 2.765395 -9.769214 -7.003819 88.235530
19.300000 2.789883 -9.795394 -7.005511 89.016873
19.400000 2.740554 -9.745416 -7.004862 87.442940
19.500000 2.692312 -9.698084 -7.005773 85.903658
19.600000 2.628087 -9.634186 -7.006099 83.854446
19.700000 2.726582 -9.732878 -7.006297 86.997110
19.800000 2.688132 -9.693563 -7.005431 85.770304
19.900000 2.735003 -9.741362 -7.006359 87.265809
20.000000 2.722258 -9.729029 -7.006771 86.859170
20.100000 2.727774 -9.734497 -7.006723 87.035158
20.200000 2.752551 -9.760272 -7.007722 87.825713
20.300000 2.704537 -9.712974 -7.008437 86.293725
20.400000 2.716024 -9.725412 -7.009388 86.660245
20.500000 2.835301 -9.845947 -7.010646 90.466033
20.600000 2.728790 -9.739790 -7.011000 87.067577
20.700000 2.738755 -9.749121 -7.010366 87.385516
20.800000 2.758451 -9.769512 -7.011060 88.013980
20.900000 2.712706 -9.723719 -7.011014 86.554375
21.000000 2.825715 -9.836484 -7.010768 90.160169
21.100000 2.684714 -9.695545 -7.010831 85.661240
21.200000 2.714331 -9.725511 -7.011180 86.606232
21.300000 2.830396 -9.840992 -7.010597 90.309511
21.400000 2.747035 -9.757554 -7.010519 87.649712
21.500000 2.634868 -9.644766 -7.009898 84.070788
21.600000 2.798841 -9.809889 -7.011048 89.302701
21.700000 2.773698 -9.782932 -7.009234 88.500453
21.800000 2.810211 -9.821049 -7.010838 89.665473
21.900000 2.815618 -9.825257 -7.009639 89.838015
22.000000 2.865223 -9.875937 -7.010714 91.420739
22.100000 2.883784 -9.895166 -7.011382 92.012974
22.200000 2.755537 -9.765852 -7.010315 87.921003
22.300000 2.839012 -9.849706 -7.010694 90.584430
22.400000 2.755385 -9.765821 -7.010436 87.916147
22.500000 2.665821 -9.675734 -7.009912 85.058426
22.600000 2.928311 -9.939003 -7.010692 93.433709
22.700000 2.831660 -9.841735 -7.010076 90.349850
22.800000 2.699409 -9.709389 -7.009980 86.130119
22.900000 2.644129 -9.652969 -7.008839 84.366309
23.000000 2.712346 -9.720556 -7.008210 86.542883
23.100000 2.716770 -9.723201 -7.006431 86.684062
23.200000 2.731948 -9.738195 -7.006248 87.168329
23.300000 2.711448 -9.715301 -7.003853 86.514243
23.400000 2.703481 -9.707063 -7.003581 86.260055
23.500000 2.736039 -9.738475 -7.002436 87.298874
23.600000 2.720582 -9.723088 -7.002506 86.805686
23.700000 2.664829 -9.666638 -7.001809 85.026769
23.800000 2.676340 -9.678148 -7.001808 85.394041
23.900000 2.619166 -9.620464 -7.001298 83.569804
24.000000 2.553579 -9.554741 -7.001162 81.477111
24.100000 2.575108 -9.575948 -7.000840 82.164031
24.200000 2.584131 -9.584767 -7.000635 82.451949
24.300000 2.635230 -9.636648 -7.001418 84.082345
24.400000 2.592801 -9.594065 -7.001264 82.728572
24.500000 2.713486 -9.715375 -7.001889 86.579274
24.600000 2.648927 -9.649888 -7.000961 84.519393
24.700000 2.599893 -9.602227 -7.002334 82.954850
24.800000 2.576620 -9.580219 -7.003599 82.212289
24.900000 2.607913 -9.611278 -7.003365 83.210741
25.000000 2.555902 -9.559157 -7.003255 81.551223
25.100000 2.523724 -9.526283 -7.002559 80.524544
25.200000 2.519343 -9.522015 -7.002672 80.384739
25.300000 2.651671 -9.654867 -7.003196 84.606945
25.400000 2.584895 -9.588556 -7.003661 82.476299
25.500000 2.567694 -9.573490 -7.005796 81.927496
25.600000 2.648633 -9.654645 -7.006012 84.510015
25.700000 2.604735 -9.609659 -7.004924 83.109344
25.800000 2.624589 -9.628271 -7.003681 83.742848
25.900000 2.621409 -9.623627 -7.002219 83.641355
26.000000 2.695058 -9.697228 -7.002170 85.991293
26.100000 2.614082 -9.615239 -7.001157 83.407571
26.200000 2.667434 -9.667842 -7.000408 85.109891
26.300000 2.605730 -9.606998 -7.001268 83.141096
26.400000 2.724378 -9.725160 -7.000783 86.926797
26.500000 2.710898 -9.713197 -7.002299 86.496707
26.600000 2.656642 -9.659726 -7.003084 84.765550
26.700000 2.639368 -9.643081 -7.003713 84.214383
26.800000 2.860122 -9.864178 -7.004056 91.257990
26.900000 2.869895 -9.874093 -7.004197 91.569829
27.000000 2.786925 -9.790605 -7.003680 88.922480
27.100000 2.790047 -9.794954 -7.004908 89.022101
27.200000 2.817071 -9.822968 -7.005898 89.884354
27.300000 2.812791 -9.821031 -7.008241 89.747782
27.400000 2.716123 -9.724964 -7.008841 86.663395
27.500000 2.796967 -9.808376 -7.011409 89.242902
27.600000 2.808000 -9.818228 -7.010228 89.594932
27.700000 2.932862 -9.942616 -7.009754 93.578893
27.800000 2.849641 -9.859329 -7.009688 90.923569
27.900000 2.822781 -9.834372 -7.011591 90.066539
28.000000 2.917020 -9.927837 -7.010816 93.073450
28.100000 2.841801 -9.852806 -7.011004 90.673435
28.200000 2.787824 -9.799777 -7.011954 88.951163
28.300000 2.791577 -9.802980 -7.011402 89.070935
28.400000 2.855239 -9.866454 -7.011215 91.102190
28.500000 2.800784 -9.810753 -7.009969 89.364686
28.600000 2.842073 -9.851843 -7.009770 90.682107
28.700000 2.806478 -9.813461 -7.006983 89.546365
28.800000 2.822126 -9.828162 -7.006036 90.045644
28.900000 2.694504 -9.698724 -7.004220 85.973608
29.000000 2.723576 -9.729345 -7.005769 86.901212
29.100000 2.640252 -9.644614 -7.004362 84.242580
29.200000 2.774705 -9.779233 -7.004528 88.532579
29.300000 2.731308 -9.735387 -7.004080 87.147902
29.400000 2.670450 -9.671501 -7.001051 85.206118
29.500000 2.735632 -9.737741 -7.002109 87.285899
29.600000 2.824940 -9.826508 -7.001568 90.135438
29.700000 2.777795 -9.779308 -7.001513 88.631176
29.800000 2.732755 -9.733543 -7.000787 87.194102
29.900000 2.746788 -9.747142 -7.000353 87.641854
30.000000 2.753023 -9.753109 -7.000085 87.840793
30.100000 2.770874 -9.771429 -7.000555 88.410348
30.200000 2.704680 -9.704546 -6.999866 86.298306
30.300000 2.729033 -9.728952 -6.999919 87.075327
30.400000 2.693076 -9.694356 -7.001279 85.928062
30.500000 2.628425 -9.629851 -7.001426 83.865240
30.600000 2.475239 -9.476498 -7.001258 78.977526
30.700000 2.571057 -9.571678 -7.000621 82.034789
30.800000 2.746928 -9.747635 -7.000707 87.646318
30.900000 2.638403 -9.639327 -7.000924 84.183586
31.000000 2.508911 -9.509173 -7.000262 80.051892
31.100000 2.657386 -9.659433 -7.002047 84.789280
31.200000 2.608022 -9.610525 -7.002503 83.214234
31.300000 2.520183 -9.522011 -7.001828 80.411548
31.400000 2.683992 -9.686921 -7.002929 85.638210
31.500000 2.633456 -9.636451 -7.002995 84.025737
31.600000 2.638963 -9.642497 -7.003534 84.201470
31.700000 2.712547 -9.716715 -7.004169 86.549308
31.800000 2.801533 -9.807526 -7.005993 89.388589
31.900000 2.804881 -9.810030 -7.005150 89.495411
32.000000 2.859610 -9.866095 -7.006485 91.241655
32.100000 2.720159 -9.726794 -7.006635 86.792197
32.200000 2.718622 -9.725976 -7.007354 86.743139
32.300000 2.696736 -9.704032 -7.007296 86.044840
32.400000 2.662774 -9.670200 -7.007426 84.961212
32.500000 2.661493 -9.668434 -7.006941 84.920342
32.600000 2.849665 -9.856491 -7.006825 90.924351
32.700000 2.842340 -9.848715 -7.006375 90.690619
32.800000 2.708760 -9.716168 -7.007408 86.428478
32.900000 2.708845 -9.715907 -7.007063 86.431177
33.000000 2.690139 -9.696623 -7.006485 85.834326
33.100000 2.615001 -9.621529 -7.006528 83.436911
33.200000 2.830440 -9.837421 -7.006981 90.310911
33.300000 2.710585 -9.717131 -7.006546 86.486711
33.400000 2.619060 -9.626527 -7.007466 83.566425
33.500000 2.651285 -9.658666 -7.007381 84.594614
33.600000 2.599056 -9.605016 -7.005960 82.928161
33.700000 2.635645 -9.640973 -7.005328 84.095593
33.800000 2.602760 -9.607230 -7.004470 83.046320
33.900000 2.678039 -9.683945 -7.005906 85.448270
34.000000 2.559296 -9.563595 -7.004298 81.659541
34.100000 2.623474 -9.626583 -7.003109 83.707258
34.200000 2.622567 -9.624213 -7.001646 83.678322
34.300000 2.542741 -9.544259 -7.001518 81.131307
34.400000 2.556275 -9.557052 -7.000777 81.563139
34.500000 2.508311 -9.508676 -7.000366 80.032733
34.600000 2.445605 -9.444886 -6.999281 78.031991
34.700000 2.407135 -9.405902 -6.998767 76.804523
34.800000 2.629834 -9.630269 -7.000435 83.910172
34.900000 2.635386 -9.636138 -7.000753 84.087319
35.000000 2.596799 -9.596583 -6.999784 82.856135
35.100000 2.637614 -9.638150 -7.000536 84.158428
35.200000 2.480425 -9.480939 -7.000514 79.142980
35.300000 2.623387 -9.625891 -7.002504 83.704489
35.400000 2.663863 -9.667139 -7.003276 84.995944
35.500000 2.665663 -9.669405 -7.003742 85.053368
35.600000 2.575147 -9.579872 -7.004725 82.165286
35.700000 2.626018 -9.629812 -7.003794 83.788434
35.800000 2.638765 -9.643146 -7.004380 84.195149
35.900000 2.703441 -9.708773 -7.005332 86.258754
36.000000 2.732957 -9.738845 -7.005888 87.200547
36.100000 2.787817 -9.793440 -7.005623 88.950948
36.200000 2.679442 -9.685827 -7.006385 85.493040
36.300000 2.723178 -9.728880 -7.005702 86.888526
36.400000 2.701792 -9.706253 -7.004461 86.206138
36.500000 2.695287 -9.699292 -7.004005 85.998592
36.600000 2.774327 -9.777439 -7.003112 88.520528
36.700000 2.844499 -9.847765 -7.003267 90.759494
36.800000 2.753495 -9.756392 -7.002897 87.855845
36.900000 2.660448 -9.662966 -7.002518 84.886979
37.000000 2.709984 -9.712855 -7.002870 86.467539
37.100000 2.690868 -9.692039 -7.001171 85.857602
37.200000 2.641840 -9.642357 -7.000517 84.293264
37.300000 2.577277 -9.577061 -6.999784 82.233253
37.400000 2.558730 -9.559131 -7.000401 81.641457
37.500000 2.543368 -9.543373 -7.000005 81.151311
37.600000 2.507186 -9.506513 -6.999327 79.996858
37.700000 2.549761 -9.547313 -6.997552 81.355298
37.800000 2.563650 -9.560870 -6.997220 81.798448
37.900000 2.464656 -9.460948 -6.996292 78.639848
38.000000 2.515174 -9.513567 -6.998393 80.251728
38.100000 2.485460 -9.483546 -6.998087 79.303626
38.200000 2.405471 -9.404102 -6.998631 76.751429
38.300000 2.435354 -9.433998 -6.998644 77.704904
38.400000 2.472036 -9.471130 -6.999094 78.875318
38.500000 2.474021 -9.472439 -6.998418 78.938650
38.600000 2.539721 -9.540706 -7.000985 81.034945
38.700000 2.546623 -9.547855 -7.001232 81.255177
38.800000 2.527304 -9.529625 -7.002320 80.638771
38.900000 2.469331 -9.471798 -7.002467 78.789008
39.000000 2.526420 -9.529239 -7.002819 80.610554
39.100000 2.578686 -9.581650 -7.002964 82.278200
39.200000 2.669774 -9.672842 -7.003068 85.184551
39.300000 2.752639 -9.755782 -7.003143 87.828516
39.400000 2.721868 -9.725333 -7.003465 86.846727
39.500000 2.636095 -9.640792 -7.004696 84.109969
39.600000 2.684155 -9.690224 -7.006069 85.643398
39.700000 2.819554 -9.826618 -7.007063 89.963591
39.800000 2.741777 -9.749134 -7.007357 87.481951
39.900000 2.760022 -9.768374 -7.008353 88.064084
40.000000 2.835930 -9.844455 -7.008524 90.486103
40.100000 2.679769 -9.689190 -7.009421 85.503475
40.200000 2.847876 -9.858778 -7.010902 90.867254
40.300000 2.866897 -9.876593 -7.009695 91.474173
40.400000 2.786433 -9.795273 -7.008839 88.906803
40.500000 2.812273 -9.821774 -7.009501 89.731267
40.600000 2.878210 -9.888235 -7.010025 91.835127
40.700000 2.854516 -9.865185 -7.010669 91.079126
40.800000 2.762980 -9.772112 -7.009132 88.158488
40.900000 2.737101 -9.745735 -7.008634 87.332766
41.000000 2.737855 -9.745384 -7.007530 87.356805
41.100000 2.816745 -9.824061 -7.007316 89.873965
41.200000 2.770546 -9.776976 -7.006431 88.399873
41.300000 2.757703 -9.763758 -7.006055 87.990091
41.400000 2.769678 -9.774822 -7.005144 88.372184
41.500000 2.785520 -9.790753 -7.005233 88.877667
41.600000 2.771100 -9.775144 -7.004045 88.417548
41.700000 2.772276 -9.776291 -7.004015 88.455098
41.800000 2.876992 -9.881775 -7.004783 91.796253
41.900000 2.678742 -9.683535 -7.004794 85.470690
42.000000 2.814632 -9.819000 -7.004368 89.806532
42.100000 2.836609 -9.839428 -7.002820 90.507750
42.200000 2.746049 -9.748590 -7.002541 87.618270
42.300000 2.829773 -9.832364 -7.002591 90.289655
42.400000 2.725062 -9.728283 -7.003221 86.948635
42.500000 2.589798 -9.593605 -7.003807 82.632753
42.600000 2.701247 -9.707987 -7.006740 86.188771
42.700000 2.805439 -9.812993 -7.007555 89.513204
42.800000 2.758101 -9.765124 -7.007022 88.002815
42.900000 2.749939 -9.757082 -7.007143 87.742384
43.000000 2.806657 -9.814192 -7.007535 89.552084
43.100000 2.901026 -9.908050 -7.007024 92.563108
43.200000 2.859624 -9.867132 -7.007508 91.242095
43.300000 2.807031 -9.814511 -7.007480 89.564005
43.400000 2.809679 -9.818423 -7.008744 89.648510
43.500000 2.804363 -9.812677 -7.008314 89.478884
43.600000 2.772733 -9.780437 -7.007704 88.469671
43.700000 2.723585 -9.732213 -7.008628 86.901516
43.800000 2.779362 -9.787550 -7.008188 88.681180
43.900000 2.688474 -9.696159 -7.007684 85.781224
44.000000 2.786028 -9.793189 -7.007161 88.893878
44.100000 2.848704 -9.854247 -7.005542 90.893679
44.200000 2.633028 -9.636392 -7.003364 84.012105
44.300000 2.644132 -9.646825 -7.002693 84.366385
44.400000 2.726036 -9.729323 -7.003287 86.979692
44.500000 2.648001 -9.651165 -7.003164 84.489828
44.600000 2.594939 -9.597740 -7.002801 82.796792
44.700000 2.441577 -9.445082 -7.003505 77.903466
44.800000 2.536467 -9.538372 -7.001904 80.931135
44.900000 2.603939 -9.605632 -7.001693 83.083965
45.000000 2.483321 -9.482305 -6.998984 79.235399
45.100000 2.613947 -9.612941 -6.998995 83.403271
45.200000 2.533399 -9.531600 -6.998201 80.833234
45.300000 2.468779 -9.466605 -6.997826 78.771405
45.400000 2.553257 -9.550714 -6.997457 81.466827
45.500000 2.606764 -9.604915 -6.998151 83.174084
45.600000 2.459568 -9.458133 -6.998564 78.477511
45.700000 2.458761 -9.457550 -6.998789 78.451760
45.800000 2.509074 -9.508039 -6.998966 80.057078
45.900000 2.539052 -9.537010 -6.997959 81.013589
46.000000 2.566039 -9.564920 -6.998881 81.874678
46.100000 2.520535 -9.519720 -6.999185 80.422787
46.200000 2.679311 -9.680338 -7.001028 85.488834
46.300000 2.498507 -9.499613 -7.001106 79.719918
46.400000 2.477830 -9.480023 -7.002193 79.060194
46.500000 2.532080 -9.536467 -7.004387 80.791159
46.600000 2.629708 -9.636517 -7.006809 83.906177
46.700000 2.729502 -9.738226 -7.008724 87.090308
46.800000 2.598100 -9.606860 -7.008760 82.897650
46.900000 2.742452 -9.752477 -7.010025 87.503492
47.000000 2.628588 -9.637784 -7.009195 83.870444
47.100000 2.616738 -9.624876 -7.008138 83.492336
47.200000 2.706969 -9.715894 -7.008925 86.371328
47.300000 2.795642 -9.804986 -7.009344 89.200639
47.400000 2.755843 -9.764908 -7.009065 87.930765
47.500000 2.770450 -9.777836 -7.007386 88.396810
47.600000 2.878915 -9.886507 -7.007592 91.857618
47.700000 2.814371 -9.821913 -7.007542 89.798197
47.800000 2.668831 -9.676473 -7.007641 85.154477
47.900000 2.821676 -9.827567 -7.005891 90.031304
48.000000 2.770572 -9.774835 -7.004264 88.400707
48.100000 2.617283 -9.621034 -7.003751 83.509729
48.200000 2.728762 -9.732201 -7.003439 87.066670
48.300000 2.672573 -9.675596 -7.003023 85.273853
48.400000 2.624989 -9.627705 -7.002716 83.755598
48.500000 2.641628 -9.644998 -7.003369 84.286507
48.600000 2.707302 -9.710983 -7.003681 86.381969
48.700000 2.618679 -9.620694 -7.002015 83.554258
48.800000 2.655611 -9.658982 -7.003371 84.732642
48.900000 2.532713 -9.536712 -7.003999 80.811330
49.000000 2.596401 -9.601122 -7.004721 82.843424
49.100000 2.565216 -9.569378 -7.004162 81.848414
49.200000 2.636615 -9.640227 -7.003612 84.126541
49.300000 2.627280 -9.631401 -7.004121 83.828690
49.400000 2.633773 -9.638158 -7.004385 84.035863
49.500000 2.686251 -9.690912 -7.004661 85.710293
49.600000 2.569252 -9.571734 -7.002482 81.977195
49.700000 2.751140 -9.753456 -7.002315 87.780713
49.800000 2.586063 -9.588096 -7.002033 82.513570
49.900000 2.682212 -9.685735 -7.003523 85.581404
50.000000 2.656245 -9.660078 -7.003833 84.752886
